Edge mask for iter 35:
 tensor([[0, 0, 1, 1, 2, 2],
        [1, 2, 0, 2, 0, 1]], device='cuda:0')
 tensor([0., 0., 0., 0., 0., 0.], device='cuda:0') 
Node mask for iter 35:
 tensor([[-0.7441, -0.0054,  0.0788, -0.0716, -1.4941, -0.0054],
        [ 0.7443,  0.1552, -0.0761,  0.0692,  1.4943,  0.3052],
        [ 0.7443, -0.1506, -0.0765, -0.0074,  1.4943, -0.3006]],
       device='cuda:0')
 tensor([[0.4999, 0.5100, 0.4493, 0.4840, 0.4788, 0.5203]], device='cuda:0') 
Edge mask for iter 36:
 tensor([[0, 0, 1, 1, 2, 2],
        [1, 2, 0, 2, 0, 1]], device='cuda:0')
 tensor([1., 1., 0., 1., 1., 1.], device='cuda:0') 
Node mask for iter 36:
 tensor([[-0.7326, -0.0171,  0.1336, -0.1388, -1.4826, -0.0171],
        [ 0.7326,  0.1644, -0.1369,  0.1058,  1.4826,  0.3144],
        [ 0.7326, -0.1527, -0.1366, -0.0270,  1.4826, -0.3027]],
       device='cuda:0')
 tensor([[0.4874, 0.5031, 0.4753, 0.4989, 0.5524, 0.4911]], device='cuda:0') 
Edge mask for iter 37:
 tensor([[0, 0, 1, 1, 2, 2],
        [1, 2, 0, 2, 0, 1]], device='cuda:0')
 tensor([1., 0., 1., 1., 1., 1.], device='cuda:0') 
Node mask for iter 37:
 tensor([[-0.7160, -0.0338,  0.1881, -0.1877, -1.4660, -0.0338],
        [ 0.7163,  0.1774, -0.1835,  0.1469,  1.4663,  0.3274],
        [ 0.7155, -0.1571, -0.1931, -0.0518,  1.4655, -0.3071]],
       device='cuda:0')
 tensor([[0.4991, 0.5160, 0.4711, 0.4470, 0.4888, 0.4822]], device='cuda:0') 
Edge mask for iter 38:
 tensor([[0, 0, 1, 1, 2, 2],
        [1, 2, 0, 2, 0, 1]], device='cuda:0')
 tensor([0., 1., 1., 1., 1., 1.], device='cuda:0') 
Node mask for iter 38:
 tensor([[-0.6951, -0.0543,  0.2311, -0.2266, -1.4451, -0.0543],
        [ 0.6958,  0.1944, -0.2274,  0.1902,  1.4458,  0.3444],
        [ 0.6939, -0.1666, -0.2399, -0.1136,  1.4439, -0.3166]],
       device='cuda:0')
 tensor([[0.5113, 0.4999, 0.4945, 0.4743, 0.5054, 0.4681]], device='cuda:0') 
Edge mask for iter 39:
 tensor([[0, 0, 1, 1, 2, 2],
        [1, 2, 0, 2, 0, 1]], device='cuda:0')
 tensor([1., 1., 1., 1., 1., 1.], device='cuda:0') 
Node mask for iter 39:
 tensor([[-0.6708, -0.0780,  0.2667, -0.2588, -1.4208, -0.0780],
        [ 0.6718,  0.2150, -0.2623,  0.2261,  1.4218,  0.3650],
        [ 0.6687, -0.1820, -0.2758, -0.1767,  1.4187, -0.3320]],
       device='cuda:0')
 tensor([[0.5179, 0.4966, 0.4923, 0.4939, 0.4981, 0.5358]], device='cuda:0') 
Edge mask for iter 40:
 tensor([[0, 0, 1, 1, 2, 2],
        [1, 2, 0, 2, 0, 1]], device='cuda:0')
 tensor([0., 0., 0., 0., 0., 0.], device='cuda:0') 
Node mask for iter 40:
 tensor([[-0.6436, -0.1043,  0.2964, -0.2860, -1.3936, -0.1043],
        [ 0.6457,  0.2368, -0.2828,  0.2344,  1.3957,  0.3868],
        [ 0.6408, -0.2022, -0.3037, -0.2259,  1.3908, -0.3522]],
       device='cuda:0')
 tensor([[0.4880, 0.5102, 0.5191, 0.5213, 0.4990, 0.4898]], device='cuda:0') 
Edge mask for iter 41:
 tensor([[0, 0, 1, 1, 2, 2],
        [1, 2, 0, 2, 0, 1]], device='cuda:0')
 tensor([1., 1., 1., 1., 0., 1.], device='cuda:0') 
Node mask for iter 41:
 tensor([[-0.6140, -0.1326,  0.3196, -0.3059, -1.3640, -0.1326],
        [ 0.6181,  0.2570, -0.2975,  0.2115,  1.3681,  0.4070],
        [ 0.6109, -0.2256, -0.3219, -0.2556,  1.3609, -0.3756]],
       device='cuda:0')
 tensor([[0.4998, 0.4602, 0.5322, 0.5179, 0.4888, 0.4706]], device='cuda:0') 
Edge mask for iter 42:
 tensor([[0, 0, 1, 1, 2, 2],
        [1, 2, 0, 2, 0, 1]], device='cuda:0')
 tensor([0., 0., 0., 0., 0., 0.], device='cuda:0') 
Node mask for iter 42:
 tensor([[-0.5828, -0.1618,  0.3370, -0.3137, -1.3328, -0.1618],
        [ 0.5890,  0.2735, -0.3132,  0.1668,  1.3390,  0.4235],
        [ 0.5805, -0.2482, -0.3259, -0.2375,  1.3305, -0.3982]],
       device='cuda:0')
 tensor([[0.4995, 0.5254, 0.5313, 0.4759, 0.5081, 0.5209]], device='cuda:0') 
Edge mask for iter 43:
 tensor([[0, 0, 1, 1, 2, 2],
        [1, 2, 0, 2, 0, 1]], device='cuda:0')
 tensor([0., 1., 1., 1., 1., 1.], device='cuda:0') 
Node mask for iter 43:
 tensor([[-0.5502, -0.1911,  0.3504, -0.3114, -1.3002, -0.1911],
        [ 0.5584,  0.2844, -0.3296,  0.1031,  1.3084,  0.4344],
        [ 0.5498, -0.2684, -0.3275, -0.2091,  1.2998, -0.4184]],
       device='cuda:0')
 tensor([[0.4158, 0.5492, 0.4965, 0.5219, 0.5355, 0.4946]], device='cuda:0') 
Edge mask for iter 44:
 tensor([[0, 0, 1, 1, 2, 2],
        [1, 2, 0, 2, 0, 1]], device='cuda:0')
 tensor([1., 1., 1., 1., 1., 1.], device='cuda:0') 
Node mask for iter 44:
 tensor([[-0.5165, -0.2198,  0.3607, -0.3050, -1.2665, -0.2198],
        [ 0.5264,  0.2890, -0.3447,  0.0360,  1.2764,  0.4390],
        [ 0.5188, -0.2852, -0.3314, -0.1719,  1.2688, -0.4352]],
       device='cuda:0')
 tensor([[0.5072, 0.4942, 0.5182, 0.5015, 0.5253, 0.4742]], device='cuda:0') 
Edge mask for iter 45:
 tensor([[0, 0, 1, 1, 2, 2],
        [1, 2, 0, 2, 0, 1]], device='cuda:0')
 tensor([0., 0., 0., 0., 0., 0.], device='cuda:0') 
Node mask for iter 45:
 tensor([[-0.4822, -0.2475,  0.3682, -0.2932, -1.2322, -0.2475],
        [ 0.4932,  0.2884, -0.3569, -0.0168,  1.2432,  0.4384],
        [ 0.4871, -0.2978, -0.3399, -0.1257,  1.2371, -0.4478]],
       device='cuda:0')
 tensor([[0.4795, 0.5012, 0.5225, 0.5278, 0.5012, 0.5342]], device='cuda:0') 
Edge mask for iter 46:
 tensor([[0, 0, 1, 1, 2, 2],
        [1, 2, 0, 2, 0, 1]], device='cuda:0')
 tensor([0., 0., 0., 0., 0., 0.], device='cuda:0') 
Node mask for iter 46:
 tensor([[-0.4473, -0.2728,  0.3725, -0.2636, -1.1973, -0.2728],
        [ 0.4590,  0.2843, -0.3661, -0.0512,  1.2090,  0.4343],
        [ 0.4546, -0.3053, -0.3485, -0.0685,  1.2046, -0.4553]],
       device='cuda:0')
 tensor([[0.4883, 0.5010, 0.5086, 0.4523, 0.4896, 0.5204]], device='cuda:0') 
Edge mask for iter 47:
 tensor([[0, 0, 1, 1, 2, 2],
        [1, 2, 0, 2, 0, 1]], device='cuda:0')
 tensor([1., 0., 0., 1., 1., 1.], device='cuda:0') 
Node mask for iter 47:
 tensor([[-0.4123, -0.2942,  0.3743, -0.2194, -1.1623, -0.2942],
        [ 0.4242,  0.2768, -0.3728, -0.0863,  1.1742,  0.4268],
        [ 0.4215, -0.3079, -0.3534, -0.0168,  1.1715, -0.4579]],
       device='cuda:0')
 tensor([[0.5077, 0.4790, 0.4693, 0.4888, 0.5432, 0.4816]], device='cuda:0') 
Edge mask for iter 48:
 tensor([[0, 0, 1, 1, 2, 2],
        [1, 2, 0, 2, 0, 1]], device='cuda:0')
 tensor([1., 0., 0., 1., 1., 1.], device='cuda:0') 
Node mask for iter 48:
 tensor([[-0.3771, -0.3111,  0.3748, -0.1705, -1.1271, -0.3111],
        [ 0.3889,  0.2651, -0.3773, -0.1355,  1.1389,  0.4151],
        [ 0.3882, -0.3046, -0.3564,  0.0477,  1.1382, -0.4546]],
       device='cuda:0')
 tensor([[0.5069, 0.5251, 0.4704, 0.5075, 0.4904, 0.4976]], device='cuda:0') 
Edge mask for iter 49:
 tensor([[0, 0, 1, 1, 2, 2],
        [1, 2, 0, 2, 0, 1]], device='cuda:0')
 tensor([1., 1., 1., 1., 1., 0.], device='cuda:0') 
Node mask for iter 49:
 tensor([[-0.3419, -0.3228,  0.3760, -0.1140, -1.0919, -0.3228],
        [ 0.3534,  0.2479, -0.3787, -0.1950,  1.1034,  0.3979],
        [ 0.3543, -0.2961, -0.3627,  0.1008,  1.1043, -0.4461]],
       device='cuda:0')
 tensor([[0.4840, 0.4851, 0.5216, 0.5265, 0.4899, 0.4712]], device='cuda:0') 
Edge mask for iter 50:
 tensor([[0, 0, 1, 1, 2, 2],
        [1, 2, 0, 2, 0, 1]], device='cuda:0')
 tensor([0., 0., 0., 0., 0., 0.], device='cuda:0') 
Node mask for iter 50:
 tensor([[-0.3065, -0.3302,  0.3787, -0.0700, -1.0565, -0.3302],
        [ 0.3178,  0.2259, -0.3801, -0.2445,  1.0678,  0.3759],
        [ 0.3198, -0.2836, -0.3689,  0.1416,  1.0698, -0.4336]],
       device='cuda:0')
 tensor([[0.5137, 0.4888, 0.4648, 0.5016, 0.4755, 0.5220]], device='cuda:0') 
Edge mask for iter 51:
 tensor([[0, 0, 1, 1, 2, 2],
        [1, 2, 0, 2, 0, 1]], device='cuda:0')
 tensor([0., 0., 0., 0., 0., 0.], device='cuda:0') 
Node mask for iter 51:
 tensor([[-0.2708, -0.3348,  0.3812, -0.0435, -1.0208, -0.3348],
        [ 0.2821,  0.2002, -0.3812, -0.2818,  1.0321,  0.3502],
        [ 0.2848, -0.2679, -0.3753,  0.1742,  1.0348, -0.4179]],
       device='cuda:0')
 tensor([[0.4883, 0.4717, 0.5186, 0.4946, 0.4560, 0.4735]], device='cuda:0') 
Edge mask for iter 52:
 tensor([[0, 0, 1, 1, 2, 2],
        [1, 2, 0, 2, 0, 1]], device='cuda:0')
 tensor([0., 1., 1., 1., 1., 1.], device='cuda:0') 
Node mask for iter 52:
 tensor([[-0.2349, -0.3390,  0.3832, -0.0455, -0.9849, -0.3390],
        [ 0.2463,  0.1717, -0.3825, -0.3094,  0.9963,  0.3217],
        [ 0.2492, -0.2493, -0.3805,  0.2043,  0.9992, -0.3993]],
       device='cuda:0')
 tensor([[0.5034, 0.5333, 0.4993, 0.4708, 0.4791, 0.4612]], device='cuda:0') 
Edge mask for iter 53:
 tensor([[0, 0, 1, 1, 2, 2],
        [1, 2, 0, 2, 0, 1]], device='cuda:0')
 tensor([1., 1., 1., 0., 1., 1.], device='cuda:0') 
Node mask for iter 53:
 tensor([[-0.1989, -0.3421,  0.3845, -0.0295, -0.9489, -0.3421],
        [ 0.2103,  0.1412, -0.3841, -0.3288,  0.9603,  0.2912],
        [ 0.2132, -0.2282, -0.3843,  0.2311,  0.9632, -0.3782]],
       device='cuda:0')
 tensor([[0.4857, 0.4800, 0.5354, 0.5041, 0.5015, 0.5162]], device='cuda:0') 
Edge mask for iter 54:
 tensor([[0, 0, 1, 1, 2, 2],
        [1, 2, 0, 2, 0, 1]], device='cuda:0')
 tensor([0., 0., 0., 0., 0., 0.], device='cuda:0') 
Node mask for iter 54:
 tensor([[-0.1627, -0.3443,  0.3856, -0.0224, -0.9127, -0.3443],
        [ 0.1741,  0.1096, -0.3863, -0.3400,  0.9241,  0.2596],
        [ 0.1771, -0.2049, -0.3864,  0.2523,  0.9271, -0.3549]],
       device='cuda:0')
 tensor([[0.4956, 0.5348, 0.5219, 0.4915, 0.4950, 0.4748]], device='cuda:0') 
Edge mask for iter 55:
 tensor([[0, 0, 1, 1, 2, 2],
        [1, 2, 0, 2, 0, 1]], device='cuda:0')
 tensor([1., 1., 1., 1., 1., 1.], device='cuda:0') 
Node mask for iter 55:
 tensor([[-0.1265, -0.3449,  0.3861, -0.0029, -0.8765, -0.3449],
        [ 0.1377,  0.0774, -0.3887, -0.3439,  0.8877,  0.2274],
        [ 0.1407, -0.1800, -0.3878,  0.2696,  0.8907, -0.3300]],
       device='cuda:0')
 tensor([[0.5211, 0.4733, 0.4904, 0.4477, 0.5506, 0.4957]], device='cuda:0') 
Edge mask for iter 56:
 tensor([[0, 0, 1, 1, 2, 2],
        [1, 2, 0, 2, 0, 1]], device='cuda:0')
 tensor([1., 1., 1., 1., 1., 1.], device='cuda:0') 
Node mask for iter 56:
 tensor([[-0.0903, -0.3428,  0.3869,  0.0292, -0.8403, -0.3428],
        [ 0.1011,  0.0453, -0.3908, -0.3424,  0.8511,  0.1953],
        [ 0.1043, -0.1537, -0.3888,  0.2823,  0.8543, -0.3037]],
       device='cuda:0')
 tensor([[0.5276, 0.5011, 0.5277, 0.4608, 0.4801, 0.4813]], device='cuda:0') 
Edge mask for iter 57:
 tensor([[0, 0, 1, 1, 2, 2],
        [1, 2, 0, 2, 0, 1]], device='cuda:0')
 tensor([1., 1., 1., 1., 0., 0.], device='cuda:0') 
Node mask for iter 57:
 tensor([[-0.0539, -0.3364,  0.3889,  0.0777, -0.8039, -0.3364],
        [ 0.0642,  0.0209, -0.3952, -0.1953,  0.8142,  0.1709],
        [ 0.0679, -0.1344, -0.3870,  0.1431,  0.8179, -0.2844]],
       device='cuda:0')
 tensor([[0.5228, 0.5076, 0.5105, 0.5031, 0.4624, 0.4964]], device='cuda:0') 
Edge mask for iter 58:
 tensor([[0, 0, 1, 1, 2, 2],
        [1, 2, 0, 2, 0, 1]], device='cuda:0')
 tensor([0., 1., 1., 1., 1., 1.], device='cuda:0') 
Node mask for iter 58:
 tensor([[-0.0173, -0.3248,  0.3909,  0.1360, -0.7673, -0.3248],
        [ 0.0263,  0.0322, -0.4069,  0.1905,  0.7763,  0.1822],
        [ 0.0323, -0.1494, -0.3785, -0.2265,  0.7823, -0.2994]],
       device='cuda:0')
 tensor([[0.5021, 0.5358, 0.4806, 0.5243, 0.4990, 0.5090]], device='cuda:0') 
Edge mask for iter 59:
 tensor([[0, 0, 1, 1, 2, 2],
        [1, 2, 0, 2, 0, 1]], device='cuda:0')
 tensor([0., 0., 0., 0., 0., 0.], device='cuda:0') 
Node mask for iter 59:
 tensor([[ 1.6122e-02, -3.2494e-01,  3.4868e-01, -6.6675e-02, -7.3388e-01,
         -3.2494e-01],
        [-1.1654e-02,  5.2293e-02, -4.0329e-01,  1.8964e-01,  7.3835e-01,
          2.0229e-01],
        [ 2.1059e-04, -1.5822e-01, -3.3520e-01, -2.5888e-04,  7.5021e-01,
         -3.0822e-01]], device='cuda:0')
 tensor([[0.5737, 0.4694, 0.5034, 0.5308, 0.5055, 0.4943]], device='cuda:0') 
Edge mask for iter 60:
 tensor([[0, 0, 1, 1, 2, 2],
        [1, 2, 0, 2, 0, 1]], device='cuda:0')
 tensor([0., 0., 0., 0., 0., 0.], device='cuda:0') 
Node mask for iter 60:
 tensor([[ 0.0515, -0.3435,  0.3832, -0.1905, -0.6985, -0.3435],
        [-0.0490,  0.0625, -0.3965,  0.0891,  0.7010,  0.2125],
        [-0.0344, -0.1343, -0.3763,  0.2774,  0.7156, -0.2843]],
       device='cuda:0')
 tensor([[0.4783, 0.5184, 0.5441, 0.5065, 0.5469, 0.5075]], device='cuda:0') 
Edge mask for iter 61:
 tensor([[0, 0, 1, 1, 2, 2],
        [1, 2, 0, 2, 0, 1]], device='cuda:0')
 tensor([1., 1., 1., 0., 1., 0.], device='cuda:0') 
Node mask for iter 61:
 tensor([[ 0.0875, -0.3536,  0.3834, -0.0866, -0.6625, -0.3536],
        [-0.0862,  0.0684, -0.3993,  0.0713,  0.6638,  0.2184],
        [-0.0697, -0.1117, -0.3742,  0.2168,  0.6803, -0.2617]],
       device='cuda:0')
 tensor([[0.5216, 0.5004, 0.5038, 0.4721, 0.5232, 0.4581]], device='cuda:0') 
Edge mask for iter 62:
 tensor([[0, 0, 1, 1, 2, 2],
        [1, 2, 0, 2, 0, 1]], device='cuda:0')
 tensor([0., 0., 0., 0., 0., 0.], device='cuda:0') 
Node mask for iter 62:
 tensor([[ 0.1235, -0.3544,  0.3849,  0.0118, -0.6265, -0.3544],
        [-0.1248,  0.0824, -0.4147,  0.1684,  0.6252,  0.2324],
        [-0.1037, -0.1030, -0.3597,  0.0621,  0.6463, -0.2530]],
       device='cuda:0')
 tensor([[0.4968, 0.5162, 0.4950, 0.4709, 0.5012, 0.5132]], device='cuda:0') 
Edge mask for iter 63:
 tensor([[0, 0, 1, 1, 2, 2],
        [1, 2, 0, 2, 0, 1]], device='cuda:0')
 tensor([1., 1., 0., 1., 1., 1.], device='cuda:0') 
Node mask for iter 63:
 tensor([[ 0.1599, -0.3472,  0.3882,  0.0921, -0.5901, -0.3472],
        [-0.1639,  0.0989, -0.4163,  0.1656,  0.5861,  0.2489],
        [-0.1371, -0.1007, -0.3576,  0.0287,  0.6129, -0.2507]],
       device='cuda:0')
 tensor([[0.5090, 0.4898, 0.4323, 0.5914, 0.5168, 0.5164]], device='cuda:0') 
Edge mask for iter 64:
 tensor([[0, 0, 1, 1, 2, 2],
        [1, 2, 0, 2, 0, 1]], device='cuda:0')
 tensor([0., 1., 1., 1., 1., 1.], device='cuda:0') 
Node mask for iter 64:
 tensor([[ 0.1964, -0.3340,  0.3907,  0.1533, -0.5536, -0.3340],
        [-0.2023,  0.1074, -0.4072,  0.0716,  0.5477,  0.2574],
        [-0.1714, -0.0927, -0.3672,  0.0993,  0.5786, -0.2427]],
       device='cuda:0')
 tensor([[0.4892, 0.4987, 0.4550, 0.4845, 0.5041, 0.4792]], device='cuda:0') 
Edge mask for iter 65:
 tensor([[0, 0, 1, 1, 2, 2],
        [1, 2, 0, 2, 0, 1]], device='cuda:0')
 tensor([1., 0., 0., 1., 0., 1.], device='cuda:0') 
Node mask for iter 65:
 tensor([[ 0.2332, -0.3155,  0.3927,  0.2087, -0.5168, -0.3155],
        [-0.2401,  0.1076, -0.4040, -0.0103,  0.5099,  0.2576],
        [-0.2062, -0.0792, -0.3719,  0.1504,  0.5438, -0.2292]],
       device='cuda:0')
 tensor([[0.5158, 0.5300, 0.5019, 0.5011, 0.4382, 0.4929]], device='cuda:0') 
Edge mask for iter 66:
 tensor([[0, 0, 1, 1, 2, 2],
        [1, 2, 0, 2, 0, 1]], device='cuda:0')
 tensor([0., 0., 0., 0., 0., 0.], device='cuda:0') 
Node mask for iter 66:
 tensor([[ 0.2701, -0.2928,  0.3937,  0.2495, -0.4799, -0.2928],
        [-0.2795,  0.1087, -0.4263,  0.0255,  0.4705,  0.2587],
        [-0.2397, -0.0696, -0.3515,  0.0820,  0.5103, -0.2196]],
       device='cuda:0')
 tensor([[0.5423, 0.5611, 0.5413, 0.5064, 0.4986, 0.5012]], device='cuda:0') 
Edge mask for iter 67:
 tensor([[0, 0, 1, 1, 2, 2],
        [1, 2, 0, 2, 0, 1]], device='cuda:0')
 tensor([0., 1., 1., 1., 1., 1.], device='cuda:0') 
Node mask for iter 67:
 tensor([[ 0.3070, -0.2675,  0.3934,  0.2752, -0.4430, -0.2675],
        [-0.3216,  0.1157, -0.4542,  0.0819,  0.4284,  0.2657],
        [-0.2707, -0.0689, -0.3265, -0.0057,  0.4793, -0.2189]],
       device='cuda:0')
 tensor([[0.5037, 0.5171, 0.5093, 0.5011, 0.5225, 0.4713]], device='cuda:0') 
Edge mask for iter 68:
 tensor([[0, 0, 1, 1, 2, 2],
        [1, 2, 0, 2, 0, 1]], device='cuda:0')
 tensor([0., 1., 1., 1., 1., 1.], device='cuda:0') 
Node mask for iter 68:
 tensor([[ 0.3438, -0.2404,  0.3928,  0.2931, -0.4062, -0.2404],
        [-0.3643,  0.1217, -0.4533,  0.0510,  0.3857,  0.2717],
        [-0.3013, -0.0681, -0.3279,  0.0192,  0.4487, -0.2181]],
       device='cuda:0')
 tensor([[0.4750, 0.4655, 0.5318, 0.4548, 0.5015, 0.5056]], device='cuda:0') 
Edge mask for iter 69:
 tensor([[0, 0, 1, 1, 2, 2],
        [1, 2, 0, 2, 0, 1]], device='cuda:0')
 tensor([1., 1., 1., 1., 0., 1.], device='cuda:0') 
Node mask for iter 69:
 tensor([[ 0.3806, -0.2121,  0.3919,  0.3039, -0.3694, -0.2121],
        [-0.4055,  0.1203, -0.4370, -0.0290,  0.3445,  0.2703],
        [-0.3332, -0.0608, -0.3431,  0.0909,  0.4168, -0.2108]],
       device='cuda:0')
 tensor([[0.4795, 0.4784, 0.4852, 0.4677, 0.4647, 0.4937]], device='cuda:0') 
Edge mask for iter 70:
 tensor([[0, 0, 1, 1, 2, 2],
        [1, 2, 0, 2, 0, 1]], device='cuda:0')
 tensor([1., 0., 1., 1., 0., 1.], device='cuda:0') 
Node mask for iter 70:
 tensor([[ 0.4172, -0.1836,  0.3907,  0.3040, -0.3328, -0.1836],
        [-0.4473,  0.1172, -0.4505, -0.0279,  0.3027,  0.2672],
        [-0.3645, -0.0516, -0.3288,  0.0936,  0.3855, -0.2016]],
       device='cuda:0')
 tensor([[0.4866, 0.5078, 0.5507, 0.4591, 0.5579, 0.4833]], device='cuda:0') 
Edge mask for iter 71:
 tensor([[0, 0, 1, 1, 2, 2],
        [1, 2, 0, 2, 0, 1]], device='cuda:0')
 tensor([1., 1., 1., 0., 1., 1.], device='cuda:0') 
Node mask for iter 71:
 tensor([[ 0.4537, -0.1566,  0.3883,  0.2840, -0.2963, -0.1566],
        [-0.4918,  0.1188, -0.4813,  0.0270,  0.2582,  0.2688],
        [-0.3926, -0.0458, -0.2920,  0.0563,  0.3574, -0.1958]],
       device='cuda:0')
 tensor([[0.4632, 0.5316, 0.4845, 0.4830, 0.4857, 0.4519]], device='cuda:0') 
Edge mask for iter 72:
 tensor([[0, 0, 1, 1, 2, 2],
        [1, 2, 0, 2, 0, 1]], device='cuda:0')
 tensor([1., 0., 1., 1., 1., 1.], device='cuda:0') 
Node mask for iter 72:
 tensor([[ 0.4898, -0.1340,  0.3840,  0.2309, -0.2602, -0.1340],
        [-0.5361,  0.1246, -0.4657,  0.0642,  0.2139,  0.2746],
        [-0.4195, -0.0392, -0.2888,  0.0805,  0.3305, -0.1892]],
       device='cuda:0')
 tensor([[0.5293, 0.5091, 0.4769, 0.5164, 0.4972, 0.5158]], device='cuda:0') 
Edge mask for iter 73:
 tensor([[0, 0, 1, 1, 2, 2],
        [1, 2, 0, 2, 0, 1]], device='cuda:0')
 tensor([1., 1., 1., 1., 1., 0.], device='cuda:0') 
Node mask for iter 73:
 tensor([[ 0.5252, -0.1177,  0.3760,  0.1594, -0.2248, -0.1177],
        [-0.5764,  0.1310, -0.4213,  0.0694,  0.1736,  0.2810],
        [-0.4485, -0.0267, -0.3147,  0.1458,  0.3015, -0.1767]],
       device='cuda:0')
 tensor([[0.4932, 0.5484, 0.5111, 0.5370, 0.5182, 0.4861]], device='cuda:0') 
Edge mask for iter 74:
 tensor([[0, 0, 1, 1, 2, 2],
        [1, 2, 0, 2, 0, 1]], device='cuda:0')
 tensor([1., 1., 1., 1., 1., 1.], device='cuda:0') 
Node mask for iter 74:
 tensor([[ 0.5594, -0.1060,  0.3627,  0.1151, -0.1906, -0.1060],
        [-0.6121,  0.1369, -0.3706,  0.0610,  0.1379,  0.2869],
        [-0.4791, -0.0098, -0.3290,  0.1886,  0.2709, -0.1598]],
       device='cuda:0')
 tensor([[0.4297, 0.5321, 0.4914, 0.4882, 0.5047, 0.4798]], device='cuda:0') 
Edge mask for iter 75:
 tensor([[0, 0, 1, 1, 2, 2],
        [1, 2, 0, 2, 0, 1]], device='cuda:0')
 tensor([1., 1., 1., 0., 1., 1.], device='cuda:0') 
Node mask for iter 75:
 tensor([[ 0.5908, -0.0969,  0.3273,  0.0929, -0.1592, -0.0969],
        [-0.6435,  0.1420, -0.3318,  0.0577,  0.1065,  0.2920],
        [-0.5086,  0.0084, -0.3064,  0.1906,  0.2414, -0.1416]],
       device='cuda:0')
 tensor([[0.5331, 0.5131, 0.4757, 0.4467, 0.4690, 0.4849]], device='cuda:0') 
Edge mask for iter 76:
 tensor([[0, 0, 1, 1, 2, 2],
        [1, 2, 0, 2, 0, 1]], device='cuda:0')
 tensor([1., 1., 1., 1., 1., 0.], device='cuda:0') 
Node mask for iter 76:
 tensor([[ 0.6170, -0.0905,  0.2674,  0.0623, -0.1330, -0.0905],
        [-0.6738,  0.1493, -0.3223,  0.0843,  0.0762,  0.2993],
        [-0.5322,  0.0230, -0.2363,  0.1460,  0.2178, -0.1270]],
       device='cuda:0')
 tensor([[0.5092, 0.5044, 0.5243, 0.5115, 0.5181, 0.4872]], device='cuda:0') 
Edge mask for iter 77:
 tensor([[0, 0, 1, 1, 2, 2],
        [1, 2, 0, 2, 0, 1]], device='cuda:0')
 tensor([0., 0., 0., 0., 0., 0.], device='cuda:0') 
Node mask for iter 77:
 tensor([[ 0.6382, -0.0861,  0.2163,  0.0428, -0.1118, -0.0861],
        [-0.7019,  0.1594, -0.2906,  0.1103,  0.0481,  0.3094],
        [-0.5508,  0.0343, -0.1927,  0.1175,  0.1992, -0.1157]],
       device='cuda:0')
 tensor([[0.4749, 0.5554, 0.4831, 0.5532, 0.4911, 0.4876]], device='cuda:0') 
Edge mask for iter 78:
 tensor([[0, 0, 1, 1, 2, 2],
        [1, 2, 0, 2, 0, 1]], device='cuda:0')
 tensor([0., 0., 0., 0., 0., 0.], device='cuda:0') 
Node mask for iter 78:
 tensor([[ 0.6569, -0.0814,  0.1956,  0.0529, -0.0931, -0.0814],
        [-0.7229,  0.1675, -0.2064,  0.0790,  0.0271,  0.3175],
        [-0.5694,  0.0457, -0.2012,  0.1237,  0.1806, -0.1043]],
       device='cuda:0')
 tensor([[0.4897, 0.5171, 0.4812, 0.5015, 0.5053, 0.4767]], device='cuda:0') 
Edge mask for iter 79:
 tensor([[0, 0, 1, 1, 2, 2],
        [1, 2, 0, 2, 0, 1]], device='cuda:0')
 tensor([0., 0., 0., 0., 0., 0.], device='cuda:0') 
Node mask for iter 79:
 tensor([[ 0.6733, -0.0782,  0.1700,  0.0291, -0.0767, -0.0782],
        [-0.7364,  0.1706, -0.1329,  0.0256,  0.0136,  0.3206],
        [-0.5869,  0.0564, -0.1783,  0.1085,  0.1631, -0.0936]],
       device='cuda:0')
 tensor([[0.4728, 0.5062, 0.4858, 0.4813, 0.4496, 0.4607]], device='cuda:0') 
Edge mask for iter 80:
 tensor([[0, 0, 1, 1, 2, 2],
        [1, 2, 0, 2, 0, 1]], device='cuda:0')
 tensor([0., 0., 0., 0., 0., 0.], device='cuda:0') 
Node mask for iter 80:
 tensor([[ 6.8732e-01, -7.3113e-02,  1.4405e-01,  6.0234e-02, -6.2676e-02,
         -7.3113e-02],
        [-7.5025e-01,  1.7179e-01, -1.5359e-01,  1.0428e-02, -2.4867e-04,
          3.2179e-01],
        [-5.9823e-01,  6.2558e-02, -1.0395e-01,  5.3588e-02,  1.5177e-01,
         -8.7442e-02]], device='cuda:0')
 tensor([[0.5278, 0.4948, 0.5013, 0.5091, 0.5128, 0.4924]], device='cuda:0') 
Edge mask for iter 81:
 tensor([[0, 0, 1, 1, 2, 2],
        [1, 2, 0, 2, 0, 1]], device='cuda:0')
 tensor([1., 0., 1., 1., 1., 1.], device='cuda:0') 
Node mask for iter 81:
 tensor([[ 0.7005, -0.0698,  0.1390,  0.0293, -0.0495, -0.0698],
        [-0.7650,  0.1720, -0.1555, -0.0017, -0.0150,  0.3220],
        [-0.6052,  0.0671, -0.0694,  0.0491,  0.1448, -0.0829]],
       device='cuda:0')
 tensor([[0.5613, 0.4868, 0.5185, 0.5129, 0.5081, 0.5382]], device='cuda:0') 
Edge mask for iter 82:
 tensor([[0, 0, 1, 1, 2, 2],
        [1, 2, 0, 2, 0, 1]], device='cuda:0')
 tensor([0., 0., 0., 0., 0., 0.], device='cuda:0') 
Node mask for iter 82:
 tensor([[ 0.7101, -0.0662,  0.0935,  0.0401, -0.0399, -0.0662],
        [-0.7780,  0.1694, -0.1339, -0.0352, -0.0280,  0.3194],
        [-0.6120,  0.0726, -0.0741,  0.0624,  0.1380, -0.0774]],
       device='cuda:0')
 tensor([[0.4592, 0.4780, 0.5323, 0.5012, 0.4916, 0.4560]], device='cuda:0') 
Edge mask for iter 83:
 tensor([[0, 0, 1, 1, 2, 2],
        [1, 2, 0, 2, 0, 1]], device='cuda:0')
 tensor([0., 0., 0., 0., 0., 0.], device='cuda:0') 
Node mask for iter 83:
 tensor([[ 0.7190, -0.0612,  0.0952,  0.0567, -0.0310, -0.0612],
        [-0.7911,  0.1636, -0.1413, -0.0693, -0.0411,  0.3136],
        [-0.6191,  0.0793, -0.0758,  0.0736,  0.1309, -0.0707]],
       device='cuda:0')
 tensor([[0.5060, 0.4945, 0.5170, 0.5317, 0.4873, 0.4952]], device='cuda:0') 
Edge mask for iter 84:
 tensor([[0, 0, 1, 1, 2, 2],
        [1, 2, 0, 2, 0, 1]], device='cuda:0')
 tensor([0., 0., 0., 0., 0., 0.], device='cuda:0') 
Node mask for iter 84:
 tensor([[ 0.7261, -0.0580,  0.0708,  0.0284, -0.0239, -0.0580],
        [-0.8085,  0.1548, -0.1959, -0.1011, -0.0585,  0.3048],
        [-0.6258,  0.0864, -0.0720,  0.0782,  0.1242, -0.0636]],
       device='cuda:0')
 tensor([[0.4873, 0.5314, 0.5047, 0.4889, 0.4876, 0.4997]], device='cuda:0') 
Edge mask for iter 85:
 tensor([[0, 0, 1, 1, 2, 2],
        [1, 2, 0, 2, 0, 1]], device='cuda:0')
 tensor([0., 0., 0., 0., 0., 0.], device='cuda:0') 
Node mask for iter 85:
 tensor([[ 0.7326, -0.0529,  0.0702,  0.0619, -0.0174, -0.0529],
        [-0.8293,  0.1433, -0.2243, -0.1293, -0.0793,  0.2933],
        [-0.6347,  0.0945, -0.1053,  0.0904,  0.1153, -0.0555]],
       device='cuda:0')
 tensor([[0.4978, 0.5351, 0.4868, 0.4970, 0.4868, 0.5181]], device='cuda:0') 
Edge mask for iter 86:
 tensor([[0, 0, 1, 1, 2, 2],
        [1, 2, 0, 2, 0, 1]], device='cuda:0')
 tensor([0., 0., 0., 0., 1., 1.], device='cuda:0') 
Node mask for iter 86:
 tensor([[ 0.7375, -0.0499,  0.0474,  0.0234, -0.0125, -0.0499],
        [-0.8509,  0.1294, -0.2315, -0.1538, -0.1009,  0.2794],
        [-0.6474,  0.1031, -0.1428,  0.0909,  0.1026, -0.0469]],
       device='cuda:0')
 tensor([[0.5138, 0.4530, 0.4710, 0.5044, 0.5044, 0.4944]], device='cuda:0') 
Edge mask for iter 87:
 tensor([[0, 0, 1, 1, 2, 2],
        [1, 2, 0, 2, 0, 1]], device='cuda:0')
 tensor([0., 0., 0., 0., 0., 0.], device='cuda:0') 
Node mask for iter 87:
 tensor([[ 0.7429, -0.0440,  0.0593,  0.0733, -0.0071, -0.0440],
        [-0.8731,  0.1147, -0.2385, -0.1569, -0.1231,  0.2647],
        [-0.6595,  0.1083, -0.1247,  0.0473,  0.0905, -0.0417]],
       device='cuda:0')
 tensor([[0.4797, 0.5207, 0.4932, 0.5035, 0.5811, 0.4871]], device='cuda:0') 
Edge mask for iter 88:
 tensor([[0, 0, 1, 1, 2, 2],
        [1, 2, 0, 2, 0, 1]], device='cuda:0')
 tensor([0., 0., 0., 0., 0., 0.], device='cuda:0') 
Node mask for iter 88:
 tensor([[ 0.7459, -0.0421,  0.0258,  0.0075, -0.0041, -0.0421],
        [-0.8956,  0.1024, -0.2406, -0.1255, -0.1456,  0.2524],
        [-0.6717,  0.1144, -0.1324,  0.0689,  0.0783, -0.0356]],
       device='cuda:0')
 tensor([[0.5239, 0.5194, 0.4948, 0.4315, 0.5390, 0.5267]], device='cuda:0') 
Edge mask for iter 89:
 tensor([[0, 0, 1, 1, 2, 2],
        [1, 2, 0, 2, 0, 1]], device='cuda:0')
 tensor([0., 0., 0., 0., 0., 0.], device='cuda:0') 
Node mask for iter 89:
 tensor([[ 7.5057e-01, -3.5747e-02,  5.5897e-02,  8.2324e-02,  5.7220e-04,
         -3.5747e-02],
        [-9.1719e-01,  9.4482e-02, -2.2705e-01, -7.3820e-02, -1.6719e-01,
          2.4448e-01],
        [-6.8110e-01,  1.1883e-01, -9.1726e-02,  4.2399e-02,  6.8904e-02,
         -3.1173e-02]], device='cuda:0')
 tensor([[0.5306, 0.4900, 0.5614, 0.5207, 0.5109, 0.5058]], device='cuda:0') 
Edge mask for iter 90:
 tensor([[0, 0, 1, 1, 2, 2],
        [1, 2, 0, 2, 0, 1]], device='cuda:0')
 tensor([1., 1., 1., 1., 0., 0.], device='cuda:0') 
Node mask for iter 90:
 tensor([[ 0.7525, -0.0343,  0.0112, -0.0013,  0.0025, -0.0343],
        [-0.9359,  0.0919, -0.1927, -0.0157, -0.1859,  0.2419],
        [-0.6903,  0.1243, -0.1002,  0.0620,  0.0597, -0.0257]],
       device='cuda:0')
 tensor([[0.4940, 0.5240, 0.5023, 0.4763, 0.5145, 0.5396]], device='cuda:0') 
Edge mask for iter 91:
 tensor([[0, 0, 1, 1, 2, 2],
        [1, 2, 0, 2, 0, 1]], device='cuda:0')
 tensor([1., 0., 0., 1., 1., 0.], device='cuda:0') 
Node mask for iter 91:
 tensor([[ 7.5636e-01, -2.8308e-02,  4.9199e-02,  8.0188e-02,  6.3626e-03,
         -2.8308e-02],
        [-9.5025e-01,  9.1562e-02, -1.4315e-01, -8.3703e-04, -2.0025e-01,
          2.4156e-01],
        [-6.9714e-01,  1.2855e-01, -6.5732e-02,  4.1548e-02,  5.2856e-02,
         -2.1446e-02]], device='cuda:0')
 tensor([[0.5035, 0.4645, 0.4616, 0.4810, 0.4946, 0.4839]], device='cuda:0') 
Edge mask for iter 92:
 tensor([[0, 0, 1, 1, 2, 2],
        [1, 2, 0, 2, 0, 1]], device='cuda:0')
 tensor([1., 1., 1., 0., 1., 1.], device='cuda:0') 
Node mask for iter 92:
 tensor([[ 0.7571, -0.0276, -0.0018, -0.0107,  0.0071, -0.0276],
        [-0.9600,  0.0909, -0.0948, -0.0080, -0.2100,  0.2409],
        [-0.7036,  0.1330, -0.0703,  0.0491,  0.0464, -0.0170]],
       device='cuda:0')
 tensor([[0.5101, 0.5054, 0.4810, 0.4670, 0.5072, 0.4959]], device='cuda:0') 
Edge mask for iter 93:
 tensor([[0, 0, 1, 1, 2, 2],
        [1, 2, 0, 2, 0, 1]], device='cuda:0')
 tensor([0., 0., 0., 0., 0., 0.], device='cuda:0') 
Node mask for iter 93:
 tensor([[ 0.7604, -0.0221,  0.0432,  0.0761,  0.0104, -0.0221],
        [-0.9657,  0.0883, -0.0523, -0.0329, -0.2157,  0.2383],
        [-0.7091,  0.1366, -0.0545,  0.0360,  0.0409, -0.0134]],
       device='cuda:0')
 tensor([[0.4950, 0.5231, 0.4931, 0.4915, 0.5048, 0.5087]], device='cuda:0') 
Edge mask for iter 94:
 tensor([[0, 0, 1, 1, 2, 2],
        [1, 2, 0, 2, 0, 1]], device='cuda:0')
 tensor([0., 0., 0., 0., 0., 0.], device='cuda:0') 
Node mask for iter 94:
 tensor([[ 0.7608, -0.0217, -0.0053, -0.0131,  0.0108, -0.0217],
        [-0.9684,  0.0823, -0.0222, -0.0726, -0.2184,  0.2323],
        [-0.7140,  0.1397, -0.0520,  0.0320,  0.0360, -0.0103]],
       device='cuda:0')
 tensor([[0.5252, 0.4883, 0.5169, 0.5484, 0.4934, 0.4791]], device='cuda:0') 
Edge mask for iter 95:
 tensor([[0, 0, 1, 1, 2, 2],
        [1, 2, 0, 2, 0, 1]], device='cuda:0')
 tensor([1., 1., 1., 1., 1., 0.], device='cuda:0') 
Node mask for iter 95:
 tensor([[ 0.7635, -0.0165,  0.0384,  0.0722,  0.0135, -0.0165],
        [-0.9681,  0.0741,  0.0089, -0.0911, -0.2181,  0.2241],
        [-0.7187,  0.1419, -0.0494,  0.0216,  0.0313, -0.0081]],
       device='cuda:0')
 tensor([[0.4965, 0.4967, 0.5350, 0.5105, 0.5062, 0.4813]], device='cuda:0') 
Edge mask for iter 96:
 tensor([[0, 0, 1, 1, 2, 2],
        [1, 2, 0, 2, 0, 1]], device='cuda:0')
 tensor([0., 0., 0., 0., 0., 0.], device='cuda:0') 
Node mask for iter 96:
 tensor([[ 0.7632, -0.0167, -0.0147, -0.0213,  0.0132, -0.0167],
        [-0.9641,  0.0649,  0.0512, -0.0996, -0.2141,  0.2149],
        [-0.7232,  0.1437, -0.0483,  0.0181,  0.0268, -0.0063]],
       device='cuda:0')
 tensor([[0.4854, 0.5190, 0.5179, 0.4879, 0.5166, 0.5016]], device='cuda:0') 
Edge mask for iter 97:
 tensor([[0, 0, 1, 1, 2, 2],
        [1, 2, 0, 2, 0, 1]], device='cuda:0')
 tensor([1., 1., 0., 1., 1., 1.], device='cuda:0') 
Node mask for iter 97:
 tensor([[ 0.7654, -0.0120,  0.0338,  0.0679,  0.0154, -0.0120],
        [-0.9567,  0.0554,  0.0856, -0.1013, -0.2067,  0.2054],
        [-0.7273,  0.1452, -0.0423,  0.0162,  0.0227, -0.0048]],
       device='cuda:0')
 tensor([[0.5416, 0.4871, 0.5040, 0.4580, 0.5254, 0.5502]], device='cuda:0') 
Edge mask for iter 98:
 tensor([[0, 0, 1, 1, 2, 2],
        [1, 2, 0, 2, 0, 1]], device='cuda:0')
 tensor([1., 1., 1., 1., 0., 0.], device='cuda:0') 
Node mask for iter 98:
 tensor([[ 0.7650, -0.0125, -0.0146, -0.0229,  0.0150, -0.0125],
        [-0.9462,  0.0462,  0.1195, -0.0978, -0.1962,  0.1962],
        [-0.7306,  0.1465, -0.0340,  0.0127,  0.0194, -0.0035]],
       device='cuda:0')
 tensor([[0.4917, 0.5181, 0.4877, 0.5316, 0.5004, 0.5032]], device='cuda:0') 
Edge mask for iter 99:
 tensor([[0, 0, 1, 1, 2, 2],
        [1, 2, 0, 2, 0, 1]], device='cuda:0')
 tensor([0., 0., 0., 0., 0., 0.], device='cuda:0') 
Node mask for iter 99:
 tensor([[ 7.6707e-01, -8.0678e-03,  3.1819e-02,  6.4421e-02,  1.7066e-02,
         -8.0678e-03],
        [-9.3269e-01,  3.7205e-02,  1.5000e-01, -9.5488e-02, -1.8269e-01,
          1.8720e-01],
        [-7.3395e-01,  1.4669e-01, -3.5854e-02, -6.7177e-04,  1.6054e-02,
         -3.3066e-03]], device='cuda:0')
 tensor([[0.5154, 0.4724, 0.5011, 0.5519, 0.4838, 0.5057]], device='cuda:0') 
Edge mask for iter 100:
 tensor([[0, 0, 1, 1, 2, 2],
        [1, 2, 0, 2, 0, 1]], device='cuda:0')
 tensor([1., 1., 1., 1., 1., 1.], device='cuda:0') 
Node mask for iter 100:
 tensor([[ 0.7662, -0.0089, -0.0192, -0.0278,  0.0162, -0.0089],
        [-0.9172,  0.0269,  0.1684, -0.1137, -0.1672,  0.1769],
        [-0.7375,  0.1471, -0.0381,  0.0050,  0.0125, -0.0029]],
       device='cuda:0')
 tensor([[0.5015, 0.4836, 0.4738, 0.5232, 0.5083, 0.4714]], device='cuda:0') 
Edge mask for iter 101:
 tensor([[0, 0, 1, 1, 2, 2],
        [1, 2, 0, 2, 0, 1]], device='cuda:0')
 tensor([1., 0., 0., 1., 1., 1.], device='cuda:0') 
Node mask for iter 101:
 tensor([[ 0.7682, -0.0049,  0.0316,  0.0610,  0.0182, -0.0049],
        [-0.9006,  0.0138,  0.1794, -0.1462, -0.1506,  0.1638],
        [-0.7400,  0.1479, -0.0248,  0.0098,  0.0100, -0.0021]],
       device='cuda:0')
 tensor([[0.5315, 0.4649, 0.4831, 0.4943, 0.5080, 0.4729]], device='cuda:0') 
Edge mask for iter 102:
 tensor([[0, 0, 1, 1, 2, 2],
        [1, 2, 0, 2, 0, 1]], device='cuda:0')
 tensor([0., 0., 0., 0., 0., 0.], device='cuda:0') 
Node mask for iter 102:
 tensor([[ 0.7672, -0.0061, -0.0218, -0.0317,  0.0172, -0.0061],
        [-0.8830, -0.0024,  0.1908, -0.1790, -0.1330,  0.1476],
        [-0.7422,  0.1475, -0.0222, -0.0079,  0.0078, -0.0025]],
       device='cuda:0')
 tensor([[0.5198, 0.5225, 0.5158, 0.5013, 0.5268, 0.5041]], device='cuda:0') 
Edge mask for iter 103:
 tensor([[0, 0, 1, 1, 2, 2],
        [1, 2, 0, 2, 0, 1]], device='cuda:0')
 tensor([0., 0., 0., 0., 0., 0.], device='cuda:0') 
Node mask for iter 103:
 tensor([[ 0.7692, -0.0024,  0.0317,  0.0578,  0.0192, -0.0024],
        [-0.8644, -0.0215,  0.2003, -0.2097, -0.1144,  0.1285],
        [-0.7454,  0.1466, -0.0375, -0.0097,  0.0046, -0.0034]],
       device='cuda:0')
 tensor([[0.5384, 0.5000, 0.4991, 0.4869, 0.5226, 0.5424]], device='cuda:0') 
Edge mask for iter 104:
 tensor([[0, 0, 1, 1, 2, 2],
        [1, 2, 0, 2, 0, 1]], device='cuda:0')
 tensor([0., 0., 0., 0., 0., 0.], device='cuda:0') 
Node mask for iter 104:
 tensor([[ 0.7680, -0.0039, -0.0230, -0.0346,  0.0180, -0.0039],
        [-0.8449, -0.0431,  0.2094, -0.2365, -0.0949,  0.1069],
        [-0.7482,  0.1473, -0.0276,  0.0121,  0.0018, -0.0027]],
       device='cuda:0')
 tensor([[0.5492, 0.5358, 0.4817, 0.5104, 0.4835, 0.4706]], device='cuda:0') 
Edge mask for iter 105:
 tensor([[0, 0, 1, 1, 2, 2],
        [1, 2, 0, 2, 0, 1]], device='cuda:0')
 tensor([1., 0., 1., 1., 0., 1.], device='cuda:0') 
Node mask for iter 105:
 tensor([[ 7.6942e-01, -4.0941e-04,  2.4430e-02,  5.5070e-02,  1.9420e-02,
         -4.0941e-04],
        [-8.2572e-01, -6.6717e-02,  2.0353e-01, -2.5536e-01, -7.5723e-02,
          8.3283e-02],
        [-7.4910e-01,  1.4771e-01, -5.3132e-03,  2.0672e-03,  9.0271e-04,
         -2.2934e-03]], device='cuda:0')
 tensor([[0.5117, 0.5157, 0.5238, 0.5069, 0.5055, 0.4571]], device='cuda:0') 
