timestep | r0 dist to goal | r1 dist to goal | r2 dist to goal | r0-r1 attention | r0-r2 attention | r1-r0 attention | r1-r2 attention | r2-r0 attention | r2-r1 attention | r0-r1 distance | r0-r2 distance | r1-r2 distance
0 | 0.6925984215508595 | 0.6923808224312802 | 0.44300918205370143 | 1.0 | 1.0 | 1.0 | 1.0 | 1.0 | 1.0 | 0.09340193043438645 | 0.12516280216732506 | 0.1275299267689043 | 
1 | 0.6789384295591561 | 0.676915158888746 | 0.42918633443823584 | 1.0 | 1.0 | 1.0 | 0.0 | 1.0 | 1.0 | 0.12122836927781956 | 0.14818599919062642 | 0.1542074959163699 | 
2 | 0.657177780913226 | 0.6529066321808532 | 0.410325628541119 | 1.0 | 1.0 | 0.0 | 1.0 | 1.0 | 1.0 | 0.1597721027142462 | 0.18310079384689876 | 0.1949815658556413 | 
3 | 0.6293241430880991 | 0.6223237727792664 | 0.38801124523563624 | 1.0 | 1.0 | 1.0 | 0.0 | 1.0 | 1.0 | 0.2051152902448935 | 0.22675247061432124 | 0.2472145759712554 | 
4 | 0.5968410406505523 | 0.5867143612011374 | 0.3635278473461784 | 0.0 | 0.0 | 0.0 | 0.0 | 0.0 | 0.0 | 0.2552515228802533 | 0.2768546064997285 | 0.3085697021207326 | 
5 | 0.5609867860938064 | 0.5476363665979576 | 0.3378097375001856 | 0.0 | 1.0 | 1.0 | 1.0 | 1.0 | 1.0 | 0.3084648805739128 | 0.33159684553122676 | 0.37694322175563727 | 
6 | 0.5230314777185388 | 0.5061526118213657 | 0.31151647857904274 | 0.0 | 0.0 | 0.0 | 0.0 | 0.0 | 0.0 | 0.36325625586014926 | 0.3901599216598874 | 0.4496366552093755 | 
7 | 0.4838455647868809 | 0.46296905305243585 | 0.2850503649004331 | 0.0 | 0.0 | 0.0 | 0.0 | 0.0 | 0.0 | 0.4188384615847734 | 0.4519331514369565 | 0.5248791714096992 | 
8 | 0.44408858767022275 | 0.4187152011332209 | 0.25871321241183287 | 0.0 | 1.0 | 1.0 | 1.0 | 1.0 | 1.0 | 0.4741161934431439 | 0.5163621731186359 | 0.6015943646350064 | 
9 | 0.4040900287859366 | 0.3739506560736421 | 0.23303823568933693 | 1.0 | 1.0 | 1.0 | 1.0 | 1.0 | 1.0 | 0.5288977567064812 | 0.5826500358188491 | 0.6789249634980663 | 
10 | 0.36388801309234675 | 0.3290294354212484 | 0.20809530854229294 | 0.0 | 0.0 | 0.0 | 0.0 | 0.0 | 0.0 | 0.5831809073925998 | 0.6505129809485899 | 0.7564155058170674 | 
11 | 0.3234473254756014 | 0.2849416627549033 | 0.18412532080044455 | 1.0 | 0.0 | 1.0 | 1.0 | 1.0 | 1.0 | 0.6365595484261442 | 0.7189136382010861 | 0.833808711294417 | 
12 | 0.28273716041033503 | 0.2425390681193402 | 0.16134117941576573 | 1.0 | 1.0 | 0.0 | 1.0 | 1.0 | 1.0 | 0.6885317881065032 | 0.7869525162588353 | 0.9109057697261962 | 
13 | 0.2418046579610814 | 0.20233555029261527 | 0.1395940952436703 | 1.0 | 1.0 | 0.0 | 1.0 | 1.0 | 1.0 | 0.7393053372102127 | 0.8539005913025657 | 0.9871590657407168 | 
14 | 0.20050420824863144 | 0.16391631050329322 | 0.11845830216255185 | 1.0 | 1.0 | 0.0 | 1.0 | 1.0 | 1.0 | 0.7898053921424664 | 0.9197044222077935 | 1.0617916289319413 | 
15 | 0.15876457050639728 | 0.12671626262292576 | 0.09617672513866946 | 0.0 | 0.0 | 0.0 | 0.0 | 0.0 | 0.0 | 0.8410645079353094 | 0.9845372929054546 | 1.1326780030739023 | 
16 | 0.1162894665584803 | 0.09057971651824684 | 0.0722146709828134 | 0.0 | 0.0 | 1.0 | 1.0 | 1.0 | 1.0 | 0.8932018864518692 | 1.047634726567555 | 1.198325096725007 | 
17 | 0.07312117783841138 | 0.05620184286276397 | 0.04787028579349656 | 0.0 | 0.0 | 0.0 | 0.0 | 0.0 | 0.0 | 0.9451313144877707 | 1.1062011348208083 | 1.2574813602885149 | 
18 | 0.030855854204391187 | 0.0238105290251428 | 0.02262459268597858 | 0.0 | 1.0 | 1.0 | 0.0 | 0.0 | 0.0 | 0.9948297082307462 | 1.16098498543612 | 1.3103322024972226 | 
19 | -0.003776062151233245 | -0.005873111460768687 | -0.00456589120842385 | 1.0 | 1.0 | 1.0 | 1.0 | 1.0 | 0.0 | 1.0356361574914925 | 1.2132318305145193 | 1.3546588836951323 | 
20 | -0.0278446480910476 | -0.031117032338522088 | -0.03433457733618053 | 1.0 | 1.0 | 1.0 | 1.0 | 1.0 | 1.0 | 1.0658010460409495 | 1.2641142846829554 | 1.388260675388166 | 
21 | -0.04399528312381566 | -0.05010580597452122 | -0.06465382258120753 | 1.0 | 1.0 | 1.0 | 1.0 | 1.0 | 1.0 | 1.0866064633239805 | 1.3124315123358696 | 1.4105210731542235 | 
